
7 65

0000000001000000000000000010000000000000000000000000000000000000000

0000000000000000000000000000000000000000000000000000000000000000000

0000000000000000000000000000000000000000000000000000000000000000000

0000000000000000000000000000000000000000000000000000000000000000000

0000000001000001000000000000000000000000000000000000000000000000000

0000000000000000000000000000000000000000000000000000000000000000000

0000000000000000000000000000000000000000000000000000000000000000000
4 3
01110
01110
01110
01110
8 57

00000000100000000000000000000000000000000000000000000000000

00000000000000010000000000000000000000000000000000000000000

00000000000000000000000000000000000100000000000000000000000

00000000000000000000000000000000000000000000000000000000000

00000000000000000000000000000000000100000000000000000000000

00000000000000000000000000000000000000000000000000000000000

00000000000010000000000000000000000000000000000000000000000

00000000000000000000000000000000000000000000000001000000000
2 2
0010
0100
